{
 "cells": [
  {
   "cell_type": "markdown",
   "id": "e3a6e9b9",
   "metadata": {},
   "source": [
    "## Introduction\n",
    "\n",
    "This notebook illustrates how we can compare documents using cosine similarity. It does so in two ways. \n",
    "\n",
    "The first example builds simple binary vectors for every document, with 1 if a word is present and 0 otherwise. We then calcuate cosine similarty using these vectors. We don't do this for all parts of speech, at the moment the code looks for nouns, verbs and adjectives.\n",
    "\n",
    "The second example calculates cosine similarity using Spacy's inbuilt function, which uses Word2Vec to compare similarity. This means that words with similar **context** (trained empirically) are more similar.\n",
    "\n",
    "**The program reads in from Wikipedia places  to build a dataset. We can then extract a sample for comparisons**\n",
    "\n",
    "**The first block of our code initialises libraries and reads in data. We only need to do this once.**"
   ]
  },
  {
   "cell_type": "code",
   "execution_count": 1,
   "id": "d5a2314b",
   "metadata": {},
   "outputs": [],
   "source": [
    "import OSGridConverter #To convert from =SGB36 to WGS84\n",
    "import pandas as pd #To use pandas for elegant data handling\n",
    "import spacy #Our NLP tools\n",
    "import matplotlib.pyplot as plt #To plot results\n",
    "from matplotlib.figure import Figure #To plot results\n",
    "from matplotlib.ticker import MaxNLocator #To plot results\n",
    "import numpy as np #To do some numerical things\n",
    "import scipy\n",
    "import sklearn\n",
    "from sklearn.metrics.pairwise import cosine_similarity\n",
    "from sklearn.neighbors import DistanceMetric\n",
    "from math import radians\n",
    "import math # To calculate square root\n",
    "\n",
    "#import os #We import os to stop a weird kernel crash...\n",
    "#os.environ['KMP_DUPLICATE_LIB_OK']='TRUE'\n",
    "\n",
    "#Load a language model to do NLP\n",
    "nlp = spacy.load(\"en_core_web_md\") # We can't use the sm model here because it doesn't calculate token2vec"
   ]
  },
  {
   "cell_type": "code",
   "execution_count": 2,
   "id": "c78ff881",
   "metadata": {},
   "outputs": [
    {
     "name": "stdout",
     "output_type": "stream",
     "text": [
      "296695\n",
      "10000\n"
     ]
    }
   ],
   "source": [
    "#Read in the Wikipedia data\n",
    "wiki = pd.read_csv('./data/place-text.csv',sep='\\t')\n",
    "print(len(wiki))\n",
    "wiki.head()\n",
    "wiki = wiki.groupby(['id','lat','lon'])['text'].apply(lambda x: ','.join(x)).reset_index() # This groups individual paragraphs as articles\n",
    "\n",
    "print(len(wiki))"
   ]
  },
  {
   "cell_type": "markdown",
   "id": "f300b16f",
   "metadata": {},
   "source": [
    "Here we **draw a random sample of documents** from our corpus and analyse those data. We can rerun this block to build a new sample. The size of this sample can also be changed."
   ]
  },
  {
   "cell_type": "code",
   "execution_count": 3,
   "id": "e796bdd4",
   "metadata": {},
   "outputs": [],
   "source": [
    "#Now I am going to load a random sample of m documents and run the NER pipeline\n",
    "m = 25\n",
    "sample = wiki.sample(n = m)\n",
    "docs = list(nlp.pipe(sample.text, batch_size=100))"
   ]
  },
  {
   "cell_type": "markdown",
   "id": "d1115495",
   "metadata": {},
   "source": [
    "This code block only makes sense if documents have locations. It calculates all the pairwise distances, to allow us to test the hypothesis that document similarity is related to distance."
   ]
  },
  {
   "cell_type": "code",
   "execution_count": 4,
   "id": "42872640",
   "metadata": {},
   "outputs": [
    {
     "name": "stdout",
     "output_type": "stream",
     "text": [
      "[[    0.          1085.34630695  1018.41641251 10436.28846506\n",
      "   8433.28295112   689.24497848   826.57487062 12654.41017795\n",
      "   1826.52685972 10656.3753179    448.18390967  8131.48391067\n",
      "    506.6827664    563.76494135   128.88158786   171.10323512\n",
      "   6621.54612835   762.59854643   250.53134746 10678.18450858\n",
      "    382.70056811  6930.28567753  9582.00324592 15944.36038006\n",
      "    611.85621981]\n",
      " [ 1085.34630695     0.           643.22608683 11402.11908008\n",
      "   9380.18037017  1711.33765463   729.81265826 13263.4428575\n",
      "   1660.86323087 10703.38230113  1393.79867121  8238.6079615\n",
      "   1462.72974528  1605.95772064   980.77112076  1191.88857921\n",
      "   7661.49029431   703.07604084   876.71506464 10713.48687015\n",
      "   1446.31811602  7908.21742262  9826.17033948 15938.51994523\n",
      "   1607.69093934]\n",
      " [ 1018.41641251   643.22608683     0.         11442.76575262\n",
      "   8873.83007232  1434.44620929   220.33051238 13616.72926405\n",
      "   1048.46756368 11284.50324362  1111.44363055  7621.64548826\n",
      "   1170.70349462  1367.48592651   980.28737506  1031.14836232\n",
      "   7592.87779082   265.78229127   769.57309602 11297.61079561\n",
      "   1262.99744595  7937.3333025  10343.58621544 16551.60901433\n",
      "   1319.96343054]\n",
      " [10436.28846506 11402.11908008 11442.76575262     0.\n",
      "   6555.89596655 10072.70404982 11232.41033011  3653.53741644\n",
      "  11875.88351589  6665.52166844 10368.03273945 12544.96196528\n",
      "  10320.47342621 10108.3559456  10499.43949412 10411.68975143\n",
      "   3946.64240094 11177.85976039 10686.49556502  6731.96786507\n",
      "  10186.66602332  3506.06048414  5664.32732836  7531.41219762\n",
      "  10183.86752708]\n",
      " [ 8433.28295112  9380.18037017  8873.83007232  6555.89596655\n",
      "      0.          7744.34091238  8698.71281545 10016.5121492\n",
      "   8377.16985799 13048.85045772  8027.03722999  5994.32610724\n",
      "   7958.77434284  7869.90005571  8561.85089018  8278.53209257\n",
      "   5130.56472073  8703.41453577  8561.23021241 13118.88897647\n",
      "   8053.70044455  6000.27778607 11728.54440982 12822.23502109\n",
      "   7829.43453057]\n",
      " [  689.24497848  1711.33765463  1434.44620929 10072.70404982\n",
      "   7744.34091238     0.          1214.11668281 12582.32916685\n",
      "   1885.45412996 10980.9499013    327.76741136  7738.17107839\n",
      "    264.26793444   131.94065933   818.03627009   536.66384643\n",
      "   6180.7587933   1176.78532582   839.05671443 11009.06331622\n",
      "    316.78339282  6581.13192065  9804.49064179 16193.09439998\n",
      "    114.64449915]\n",
      " [  826.57487062   729.81265826   220.33051238 11232.41033011\n",
      "   8698.71281545  1214.11668281     0.         13463.10677759\n",
      "   1101.18609195 11240.98804735   891.3508045   7632.0617194\n",
      "    950.38702666  1147.97423176   805.37293227   822.50541083\n",
      "   7375.55680117    70.19996694   584.5978236  11256.47784311\n",
      "   1047.80183291  7727.88545285 10260.57528099 16527.8314053\n",
      "   1099.63978397]\n",
      " [12654.41017795 13263.4428575  13616.72926405  3653.53741644\n",
      "  10016.5121492  12582.32916685 13463.10677759     0.\n",
      "  14446.87208666  4061.52929977 12789.61390906 15765.16546746\n",
      "  12768.23553231 12561.35738963 12659.05816855 12708.74222123\n",
      "   7184.14013471 13394.17220384 12882.64836975  4106.07584936\n",
      "  12559.79463916  6426.98780945  3978.48740917  4127.79345789\n",
      "  12671.58408458]\n",
      " [ 1826.52685972  1660.86323087  1048.46756368 11875.88351589\n",
      "   8377.16985799  1885.45412996  1101.18609195 14446.87208666\n",
      "      0.         12331.38699401  1657.85226834  6578.95744011\n",
      "   1681.93626493  1892.32646934  1848.49415062  1749.69372197\n",
      "   7937.9718991   1169.34485337  1625.66760901 12345.07851401\n",
      "   1887.10642703  8419.68207348 11360.4807729  17597.29417173\n",
      "   1788.00202786]\n",
      " [10656.3753179  10703.38230113 11284.50324362  6665.52166844\n",
      "  13048.85045772 10980.9499013  11240.98804735  4061.52929977\n",
      "  12331.38699401     0.         11006.37194481 18559.53349094\n",
      "  11026.11222405 10889.27283191 10590.3758041  10790.9534811\n",
      "   8420.53021164 11175.94750666 10791.63969516    70.32028388\n",
      "  10782.93703005  7462.93927188  1525.52480538  5296.40356939\n",
      "  11012.81096312]\n",
      " [  448.18390967  1393.79867121  1111.44363055 10368.03273945\n",
      "   8027.03722999   327.76741136   891.3508045  12789.61390906\n",
      "   1657.85226834 11006.37194481     0.          7749.92245916\n",
      "     69.17614411   260.1216683    570.53791941   277.08803279\n",
      "   6490.5039518    851.26941111   534.72061632 11031.10184555\n",
      "    237.43097459  6869.72791914  9880.87294619 16268.29171018\n",
      "    216.65461939]\n",
      " [ 8131.48391067  8238.6079615   7621.64548826 12544.96196528\n",
      "   5994.32610724  7738.17107839  7632.0617194  15765.16546746\n",
      "   6578.95744011 18559.53349094  7749.92245916     0.\n",
      "   7722.51390528  7839.64584773  8211.00377772  7984.82443961\n",
      "  10266.92027084  7692.51728302  8024.58009275 18612.6580577\n",
      "   7962.4569776  11221.36016045 17055.36297682 15865.57647069\n",
      "   7718.57896231]\n",
      " [  506.6827664   1462.72974528  1170.70349462 10320.47342621\n",
      "   7958.77434284   264.26793444   950.38702666 12768.23553231\n",
      "   1681.93626493 11026.11222405    69.17614411  7722.51390528\n",
      "      0.           214.99638212   631.4201865    336.50734858\n",
      "   6437.31938835   912.5245922    603.47475877 11051.5333135\n",
      "    243.56788249  6824.23826119  9889.71301114 16279.41906887\n",
      "    150.79909261]\n",
      " [  563.76494135  1605.95772064  1367.48592651 10108.3559456\n",
      "   7869.90005571   131.94065933  1147.97423176 12561.35738963\n",
      "   1892.32646934 10889.27283191   260.1216683   7839.64584773\n",
      "    214.99638212     0.           692.05372466   419.02206759\n",
      "   6230.90807274  1105.03205071   729.7187363  10916.41776392\n",
      "    185.85137062  6610.84582623  9728.48546231 16119.37558808\n",
      "    124.49372168]\n",
      " [  128.88158786   980.77112076   980.28737506 10499.43949412\n",
      "   8561.85089018   818.03627009   805.37293227 12659.05816855\n",
      "   1848.49415062 10590.3758041    570.53791941  8211.00377772\n",
      "    631.4201865    692.05372466     0.           294.9860778\n",
      "   6702.92495959   737.56114787   224.92363714 10611.01862255\n",
      "    509.71991406  6994.38504895  9535.88559182 15883.54947505\n",
      "    740.30849019]\n",
      " [  171.10323512  1191.88857921  1031.14836232 10411.68975143\n",
      "   8278.53209257   536.66384643   822.50541083 12708.74222123\n",
      "   1749.69372197 10790.9534811    277.08803279  7984.82443961\n",
      "    336.50734858   419.02206759   294.9860778      0.\n",
      "   6570.66699413   766.2299781    316.15526014 10813.86776493\n",
      "    255.30991237  6906.46542766  9696.93540301 16071.37437578\n",
      "    449.86916462]\n",
      " [ 6621.54612835  7661.49029431  7592.87779082  3946.64240094\n",
      "   5130.56472073  6180.7587933   7375.55680117  7184.14013471\n",
      "   7937.9718991   8420.53021164  6490.5039518  10266.92027084\n",
      "   6437.31938835  6230.90807274  6702.92495959  6570.66699413\n",
      "      0.          7327.53910074  6866.33478566  8488.33309789\n",
      "   6330.62153754   957.67965418  6925.72809864 11297.32730952\n",
      "   6294.33599646]\n",
      " [  762.59854643   703.07604084   265.78229127 11177.85976039\n",
      "   8703.41453577  1176.78532582    70.19996694 13394.17220384\n",
      "   1169.34485337 11175.94750666   851.26941111  7692.51728302\n",
      "    912.5245922   1105.03205071   737.56114787   766.2299781\n",
      "   7327.53910074     0.           518.25648177 11191.73053211\n",
      "    997.31705006  7672.69540523 10191.79298959 16464.56250744\n",
      "   1062.79399297]\n",
      " [  250.53134746   876.71506464   769.57309602 10686.49556502\n",
      "   8561.23021241   839.05671443   584.5978236  12882.64836975\n",
      "   1625.66760901 10791.63969516   534.72061632  8024.58009275\n",
      "    603.47475877   729.7187363    224.92363714   316.15526014\n",
      "   6866.33478566   518.25648177     0.         10811.20309291\n",
      "    571.42539604  7180.45802921  9751.51427934 16087.35984753\n",
      "    740.56074445]\n",
      " [10678.18450858 10713.48687015 11297.61079561  6731.96786507\n",
      "  13118.88897647 11009.06331622 11256.47784311  4106.07584936\n",
      "  12345.07851401    70.32028388 11031.10184555 18612.6580577\n",
      "  11051.5333135  10916.41776392 10611.01862255 10813.86776493\n",
      "   8488.33309789 11191.73053211 10811.20309291     0.\n",
      "  10808.51486571  7530.78672232  1588.78663334  5278.00627858\n",
      "  11039.79077953]\n",
      " [  382.70056811  1446.31811602  1262.99744595 10186.66602332\n",
      "   8053.70044455   316.78339282  1047.80183291 12559.79463916\n",
      "   1887.10642703 10782.93703005   237.43097459  7962.4569776\n",
      "    243.56788249   185.85137062   509.71991406   255.30991237\n",
      "   6330.62153754   997.31705006   571.42539604 10808.51486571\n",
      "      0.          6683.68368479  9647.44649893 16036.55344415\n",
      "    267.50280495]\n",
      " [ 6930.28567753  7908.21742262  7937.3333025   3506.06048414\n",
      "   6000.27778607  6581.13192065  7727.88545285  6426.98780945\n",
      "   8419.68207348  7462.93927188  6869.72791914 11221.36016045\n",
      "   6824.23826119  6610.84582623  6994.38504895  6906.46542766\n",
      "    957.67965418  7672.69540523  7180.45802921  7530.78672232\n",
      "   6683.68368479     0.          5970.23985947 10554.44505892\n",
      "   6690.72222216]\n",
      " [ 9582.00324592  9826.17033948 10343.58621544  5664.32732836\n",
      "  11728.54440982  9804.49064179 10260.57528099  3978.48740917\n",
      "  11360.4807729   1525.52480538  9880.87294619 17055.36297682\n",
      "   9889.71301114  9728.48546231  9535.88559182  9696.93540301\n",
      "   6925.72809864 10191.79298959  9751.51427934  1588.78663334\n",
      "   9647.44649893  5970.23985947     0.          6391.04307807\n",
      "   9852.91588931]\n",
      " [15944.36038006 15938.51994523 16551.60901433  7531.41219762\n",
      "  12822.23502109 16193.09439998 16527.8314053   4127.79345789\n",
      "  17597.29417173  5296.40356939 16268.29171018 15865.57647069\n",
      "  16279.41906887 16119.37558808 15883.54947505 16071.37437578\n",
      "  11297.32730952 16464.56250744 16087.35984753  5278.00627858\n",
      "  16036.55344415 10554.44505892  6391.04307807     0.\n",
      "  16243.76534595]\n",
      " [  611.85621981  1607.69093934  1319.96343054 10183.86752708\n",
      "   7829.43453057   114.64449915  1099.63978397 12671.58408458\n",
      "   1788.00202786 11012.81096312   216.65461939  7718.57896231\n",
      "    150.79909261   124.49372168   740.30849019   449.86916462\n",
      "   6294.33599646  1062.79399297   740.56074445 11039.79077953\n",
      "    267.50280495  6690.72222216  9852.91588931 16243.76534595\n",
      "      0.        ]]\n"
     ]
    }
   ],
   "source": [
    "# We use this block to calculate the distances between all the documents\n",
    "# We are interested in finding out later if there is a relationship between distance and cosine similarity\n",
    "dist = DistanceMetric.get_metric('haversine')\n",
    "\n",
    "sample['lat'] = np.radians(sample['lat'])\n",
    "sample['lon'] = np.radians(sample['lon'])\n",
    "dists = dist.pairwise(sample[['lat','lon']].to_numpy())*6373\n",
    "\n",
    "print(dists)"
   ]
  },
  {
   "cell_type": "markdown",
   "id": "6f4b65fb",
   "metadata": {},
   "source": [
    "Build a dictionary of terms in all our documents which we then use for building vectors for similarity comparisons."
   ]
  },
  {
   "cell_type": "code",
   "execution_count": 5,
   "id": "fcd50e29",
   "metadata": {
    "scrolled": false
   },
   "outputs": [
    {
     "name": "stdout",
     "output_type": "stream",
     "text": [
      "['#', '%', '+', ',same', '-', '.', '13th', '15m', '1760', '1891.,effort', '18th', '1900', '1939–45', '1940', '1950', '1960', '1970', '1980', '1988.,voter', '1990', '2009.,<w', '20th', '21st', '28th', '295th', '312th', '31ff', '33rd', '3check_isbn', '41st', '68th', '7check_isbn', '95.5', 'BSk', 'People', 'a.', 'abidjan.svg\">location', 'ablution', 'abolitionism', 'abolitionist', 'abundance', 'accelerator', 'access', 'accolade', 'accommodation', 'accordance', 'acquisition', 'acre', 'acronym', 'act', 'activation', 'activist', 'activity', 'actor', 'actress', 'addition', 'address', 'adherent', 'administration', 'administrator', 'adolescent', 'adult', 'advantage', 'advent', 'adventure', 'advice', 'adviser', 'advisor', 'advocate', 'aegis', 'affiliate', 'affiliation', 'affordability', 'aftermath', 'afternoon', 'age', 'agency', 'agent', 'agreement', 'agriculture', 'aid', 'air', 'aircraft', 'airline', 'airport', 'album', 'alignment', 'allegiance', 'altoid', 'aluminum', 'alumnus', 'am', 'amateur', 'ambition', 'ambulance', 'amount', 'amusement', 'analysis', 'anarchist', 'ancestry', 'animal', 'anniversary', 'announcer', 'anthem', 'anthology', 'antique', 'apartment', 'apostle', 'application', 'aqueduct', 'arboretum', 'arch', 'architect', 'architecture', 'archive', 'are:,surakarta', 'area', 'arena', 'arm', 'army', 'arrangement', 'array', 'arrest', 'arrival', 'art', 'artefact', 'article', 'artifact', 'artillery', 'artist', 'asherie', 'assassin', 'assassination', 'assembly', 'assessment', 'assistance', 'associate', 'association', 'athlete', 'athletic', 'attack', 'attempt', 'attendance', 'attendee', 'attention', 'attorney', 'attraction', 'auction', 'audience', 'auditorium', 'aunt', 'auspex', 'author', 'authority', 'auto', 'automobile', 'autumn', 'average', 'aviator', 'award', 'axis', 'b', 'bachelor', 'back', 'backdrop', 'backer', 'background', 'baking', 'ball', 'ballfield', 'balloon', 'ballot', 'ballpark', 'ballplayer', 'banana', 'band', 'banditry', 'bank', 'bar', 'barbecue', 'barber', 'barn', 'barrier', 'bascule', 'base', 'baseball', 'basement', 'basin', 'basis', 'basketball', 'bat', 'bath', 'batik', 'batiks', 'baton', 'battle', 'beach', 'beachgoer', 'bean', 'bear\"', 'beat', 'beauty', 'bed', 'bedroom', 'beer', 'beginning', 'being', 'benefit', 'bergamot', 'beverage', 'bicycle', 'bid', 'bike', 'biking', 'biographer', 'birth', 'birthplace', 'black', 'blacksmith', 'blend', 'bleue', 'block', 'blow', 'blue', 'bluegrass', 'board', 'boat', 'bocce', 'body', 'bond', 'book', 'boom', 'border', 'borough', 'bot', 'bottling', 'bottom', 'boulevard', 'boundary', 'boutique', 'box', 'boxer', 'boxing', 'brain', 'branch', 'brand', 'break', 'breath', 'brick', 'bridge', 'bridge.jpg\">bridge', 'bridgehead', 'broadband', 'broadcasting', 'brochure', 'bronze', 'brook', 'brother', 'brunch', 'brutto', 'buckle', 'budget', 'builder', 'building', 'bulk', 'burial', 'burner', 'bus', 'business', 'buyer', 'bypass', 'c.', 'c.1942', 'cabin', 'cable', 'cafe', 'cafés', 'cake', 'camat', 'camera', 'camp', 'campaign', 'camping', 'campus', 'canal', 'cancer', 'candidate', 'candlelight', 'candy', 'cannonball', 'canopy', 'canvas', 'canyon', 'cap', 'capability', 'capacity', 'capita', 'capital', 'capitalism', 'capitalist', 'captain', 'capture', 'car', 'care', 'career', 'cargo', 'cascade', 'case', 'cast', 'castor', 'catamaran', 'cataract', 'category', 'cathedral', 'cause', 'cavern', 'celadon', 'celebration', 'celebrity', 'celsius', 'cement', 'cemetery', 'census', 'center', 'centerpiece', 'centre', 'century', 'ceo', 'ceramic', 'ceramics', 'ceremony', 'chain', 'chairman', 'challenge', 'champion', 'championship', 'chan', 'change', 'channel', 'characteristic', 'charge', 'charity', 'charm', 'charter', 'chattanooga', 'cheese', 'chemical', 'chief', 'child', 'childhood', 'chimney', 'chipboard', 'chloral', 'chlorine', 'choice', 'church', 'circle', 'circus', 'citation', 'citico', 'citizen', 'city', 'claim', 'class', 'classification', 'classroom', 'cleaning', 'clergyman', 'clerk', 'clientele', 'climate', 'climbing', 'clinic', 'clock', 'closure', 'cloth', 'clothe', 'clothing', 'cloverleaf', 'club', 'co', 'coach', 'coast', 'coat', 'coauthor', 'cocaine', 'cocoa', 'coconut', 'code', 'codivoire.jpg\">seat', 'coffee', 'collaboration', 'collaborator', 'collar', 'collection', 'college', 'colonial', 'colonist', 'colonized', 'colony', 'color', 'colour', 'comedy', 'command', 'commerce', 'commission', 'committee', 'commune', 'communication', 'community', 'commute', 'commuter', 'company', 'competition', 'competitor', 'completion', 'complex', 'composer', 'compound', 'concentration', 'concert', 'concession', 'condition', 'conductor', 'conference', 'conflict', 'congregation', 'connection', 'consensus', 'consent', 'consequence', 'consolidation', 'constraint', 'construction', 'container', 'content', 'context', 'contract', 'contradiction', 'contrast', 'contribution', 'contributor', 'control', 'controversy', 'convention', 'conversion', 'convert', 'conviction', 'cooper', 'cooperative', 'coord', 'cops', 'core', 'corn', 'corncob', 'corner', 'cornerback', 'cornerstone', 'corporation', 'corruption', 'cost', 'cotton', 'council', 'councilor', 'count', 'counter', 'counterterrorism', 'country', 'countryside', 'county', 'county).,in', 'countywide', 'countywide).,in', 'couple', 'court', 'courthouse', 'cow', 'cr', 'cradle', 'crash', 'creation', 'creator', 'creek', 'crew', 'crime', 'crisis', 'cropped).jpg\">part', 'crossroad', 'crowd', 'culture', 'culvert', 'currency', 'curve', 'custom', 'customer', 'cut', 'cycle', 'cycling', 'cyclist', 'daily', 'dairy', 'dam', 'damage', 'dance', 'database', 'date', 'datum', 'daughter', 'day', 'day,(tzom', 'daytime', 'de', 'deal', 'dealer', 'dean', 'death', 'debt', 'debut', 'decade', 'decision', 'decline', 'decoration', 'decree', 'defeat', 'defense', 'defenseman', 'deficit', 'defile', 'definition', 'degradation', 'degree', 'delegation', 'demand', 'demonstration', 'demonstrator', 'den', 'denomination', 'density', 'department', 'deployment', 'depot', 'depth', 'dermatology', 'descent', 'design', 'designation', 'designer', 'desire', 'destination', 'destruction', 'detail', 'detection', 'detector', 'development', 'diagnosis', 'diagnostic', 'dialect', 'diamond', 'difficulty', 'digit', 'diocese', 'diorama', 'diploma', 'diplomat', 'direction', 'director', 'directory', 'disability', 'disaster', 'disbandment', 'disc', 'discipline', 'discothèque', 'discussion', 'disease', 'disinfection', 'displacement', 'display', 'disrepair', 'disruption', 'dissolution', 'distance', 'distribution', 'distributor', 'district', 'diva', 'diver', 'diversion', 'diversity', 'divinity', 'division', 'djan', 'docking', 'doctor', 'document', 'documentary', 'documentation', 'dog', 'dollar', 'dolphin', 'domain', 'domestication', 'donation', 'door', 'downtown', 'downturn', 'dozen', 'drain', 'drama', 'draught', 'dressage', 'drinking', 'drive', 'driver', 'drug', 'drummer', 'dryness', 'duchy', 'dulcimer', 'duo', 'duty', 'dweller', 'dwelling', 'dynamo', 'dynasty', 'd’ivoire', 'earth', 'east', 'east:,<w', 'economist', 'economy', 'ed', 'edge', 'edition', 'editor', 'editorial', 'education', 'educator', 'effect', 'effort', 'eh’häusl', 'eighteen', 'election', 'electorate', 'electricity', 'electrification', 'element', 'elephant', 'elevation', 'embassy', 'emergency', 'emigrant', 'emigration', 'employee', 'employer', 'employment', 'enclave', 'end', 'energy', 'engagement', 'engine', 'engineer', 'enroll', 'enrollment', 'entertainment', 'entity', 'entrance', 'entrepreneur', 'entry', 'enumeration', 'environ', 'epb.,beginning', 'epidemic', 'episode', 'equipment', 'era', 'error', 'esplanade', 'essayist', 'establishment', 'estimate', 'ethnicity', 'evening', 'event', 'ever', 'exam', 'examination', 'example', 'excellence', 'exception', 'exchange', 'excitement', 'execution', 'executive', 'exhibit', 'exhibition', 'exile', 'existence', 'exit', 'expanse', 'expansion', 'expatriate', 'expedition', 'expenditure', 'experience', 'experiment', 'explorer', 'explosion', 'export', 'exportation', 'expressway', 'expulsion', 'extension', 'extent', 'eye', 'face', 'facility', 'fact', 'factory', 'fall', 'fame', 'family', 'fan', 'fanico', 'fantasy', 'fare', 'farm', 'farmer', 'farming', 'fashion', 'fatality', 'father', 'fault', 'favor', 'favorite', 'feature', 'fee', 'feeder', 'feedstock', 'feel', 'fellowship', 'female', 'fence', 'ferry', 'festival', 'fever', 'fiber', 'fiction', 'fiddle', 'field', 'fight', 'fighting', 'figure', 'file', 'film', 'filmmaker', 'final', 'financing', 'fire', 'firearm', 'firefighter', 'firewood', 'firework', 'firm', 'fishing', 'flag', 'flame', 'fledgling', 'flight', 'flood', 'flooding', 'floor', 'flower', 'folk', 'folklore', 'follower', 'following', 'food', 'foot', 'footage', 'football', 'footballer', 'foothill', 'foothold', 'force', 'foreground', 'foreigner', 'forest', 'form', 'formation', 'fort', 'fortification', 'fortune', 'founder', 'founding', 'fourth', 'framebuilder', 'franc', 'franchise', 'fraud', 'freelance', 'freight', 'frequency', 'freshwater', 'friday', 'friend', 'friendship', 'fruit', 'fuel', 'fun', 'function', 'fund', 'funding', 'funicular', 'funk', 'furnace', 'future', 'gala', 'gallery', 'game', 'gap', 'garbage', 'garden', 'garret', 'gas', 'gate', 'gateway', 'gather', 'gauge', 'gendarmerie', 'gender', 'general', 'generation', 'genre', 'gentleman', 'gentrification', 'gigabit', 'glamour', 'glioblastoma', 'glove', 'go', 'goal', 'goat', 'gold', 'golf', 'good', 'gospel', 'government', 'governor', 'grade', 'graduate', 'graffiti', 'grain', 'grandeur', 'grandson', 'grant', 'grassland', 'gravel', 'green', 'greenway', 'grid', 'grist', 'gristmill', 'grocery', 'ground', 'groundbreaking', 'group', 'growth', 'guaguas', 'guard', 'guest', 'guide', 'guitarist', 'gunman', 'gutter', 'half', 'hall', 'hammer', 'hammerhead', 'hand', 'handball', 'handcycling', 'handful', 'handle', 'handling', 'harbour', 'harnessing', 'harp', 'hat', 'haven', 'hazard', 'head', 'headline', 'headquarter', 'headquarters', 'health', 'healthcare', 'heart', 'heat', 'hectare', 'height', 'heir', 'help', 'heritage', 'heyday', 'hierarchy', 'high', 'highway', 'hiking', 'hill', 'hinterland', 'hip', 'hispanic', 'historian', 'history', 'hitter', 'hockey', 'holder', 'holiday', 'home', 'hometown', 'honey', 'honor', 'honour', 'hooch', 'hop', 'hope', 'horror', 'horse', 'hospital', 'host', 'hotel', 'hour', 'house', 'household', 'householder', 'housing', 'hub', 'humidity', 'hundred', 'hunting', 'husband', 'hymn', 'i', 'i-95', 'ice', 'icon', 'icon.svg\">class', 'idea', 'idealism', 'identity', 'idr', 'image', 'imagination', 'imitation', 'immigrant', 'immigration', 'immortality', 'impact', 'implementation', 'import', 'importance', 'impressiveness', 'improvement', 'in', 'inception', 'inch', 'income', 'incorporation', 'increase', 'incubator', 'incumbent', 'independence', 'index', 'indication', 'indicator', 'individual', 'industrialisation', 'industrialist', 'industry', 'inflation', 'influx', 'info', 'information', 'infrastructure', 'inhabitant', 'initial', 'initiative', 'injury', 'inmate', 'innovation', 'inroad', 'instability', 'installation', 'institution', 'instrument', 'insurance', 'insurgency', 'interchange', 'interconnection', 'interest', 'interior', 'internet', 'internment', 'intersect', 'intersection', 'interstate', 'interview', 'introduction', 'inventor', 'investigation', 'investment', 'investor', 'invitation', 'iron', 'issue', 'item', 'ivory', 'jail', 'jazz', 'jersey.jpg\">paterson', 'jet', 'jetty', 'jewel', 'jewellery', 'jewelry', 'jitney', 'job', 'jobs\"', 'joint', 'journalist', 'journey', 'judge', 'jumping', 'junction', 'junior', 'jurisdiction', 'justice', 'katedra', 'kayaking', 'kelurahan', 'keraton', 'kid', 'kiln', 'kilometre', 'kind', 'kindergarten', 'king', 'km', 'km²', 'knot', 'l', 'lab', 'labor', 'laborer', 'lack', 'lagoon', 'lake', 'lamb', 'lamp', 'land', 'landfill', 'landmark', 'landowner', 'landscape', 'lane', 'language', 'laser', 'launch', 'laundry', 'law', 'laxity', 'layoff', 'layout', 'leader', 'leadership', 'league', 'learning', 'leash', 'leave', 'lecture', 'ledge', 'legend', 'legislation', 'legislature', 'leisure', 'lesson', 'level', 'library', 'licence', 'life', 'lift', 'light', 'lighthouse', 'lighting', 'lightning', 'limelight', 'limestone', 'limit', 'line', 'linebacker', 'link', 'list', 'literacy', 'literate', 'literature', 'livability', 'living', 'load', 'local', 'locale', 'locality', 'location', 'lock', 'locomotive', 'log', 'look', 'loop', 'looting', 'loss', 'lot', 'low', 'luggage', 'lumber', 'lurah', 'luxury', 'lyric', 'm', \"m'bidjan\", 'machine', 'machinery', 'magazine', 'magnate', 'magnet', 'mahogany', 'main', 'maincheck.</w>,train', 'mainland', 'maintenance', 'majority', 'makeover', 'maker', 'makeup', 'male', 'mall', 'man', 'management', 'manager', 'mandate', 'manganese', 'mango', 'mansion', 'manufacture', 'manufacturer', 'manufacturing', 'manuscript', 'map', 'maquis', 'marathon', 'marble', 'marcory', 'margin', 'mark', 'market', 'marriage', 'martyr', 'maser', 'mask', 'massacre', 'master', 'match', 'material', 'mathematic', 'mathematician', 'maximum', 'mayor', 'mean', 'meat', 'mecca', 'medal', 'medallion', 'media', 'median', 'medicine', 'medium', 'meet', 'meeting', 'megabit', 'melting', 'member', 'memorabilia', 'memorial', 'memory', 'merchant', 'merger', 'merging', 'merit', 'metal', 'meter', 'method', 'metre', 'metro', 'mezzo', 'mid', 'mid-1950', 'mid-1970', 'middle', 'midfielder', 'migrant', 'migration', 'mile', 'militant', 'mill', 'milling', 'million', 'millworkers-1910.jpg\">child', 'mime', 'min', 'mining', 'minister', 'minority', 'mint', 'mission', 'misunderstanding', 'mix', 'mm', 'mob', 'model', 'modernity', 'moisture', 'moment', 'monarch', 'monastery', 'monsoon', 'monster', 'month', 'monument', 'mood', 'morning', 'mosque', 'mother', 'motherhood', 'motherland', 'motorcycle', 'motorist', 'mound', 'mountain', 'mouth', 'movement', 'movie', 'municipality', 'municipally', 'murder', 'museum', 'music', 'musical', 'musician', 'mystery', 'name', 'namesake', 'namespace=\"file', 'naming', 'nation', 'native', 'navy', 'ndombolo', 'need', 'neglect', 'negligence', 'negotiation', 'neighbor', 'neighborhood', 'neighboring', 'nerve', 'network', 'neutrino', 'newcomer', 'news', 'newspaper', 'nickname', 'night', 'nightlife', 'nighttime', 'no', 'node', 'nomination', 'non', 'none', 'north', 'northeast', 'northwest', 'notice', 'novel', 'ns', 'nucleus', 'number', 'nys&w', 'observation', 'observer', 'occasion', 'occupation', 'ocean', 'offender', 'offensive', 'offering', 'office', 'officer', 'official', 'oil', 'old', 'one', 'onepage&q=&f', 'online', 'onstage', 'opening', 'opera', 'operating', 'operation', 'operator', 'opportunity', 'optic', 'optometry', 'orange', 'orchestra', 'order', 'ordinance', 'ore', 'organ', 'organisation', 'organist', 'organization', 'organizer', 'origin', 'other', 'ouster', 'outbreak', 'outcry', 'outflow', 'outlet', 'outskirt', 'over', 'overhaul', 'owner', 'ownership', 'p.', 'p.r.', 'p69', 'packaging', 'pact', 'pad', 'paddler', 'page', 'page=11', 'page=56', 'page=59', 'page=62', 'pair', 'palace', 'palm', 'paper', 'par', 'parade', 'parcel', 'parent', 'park', 'parking', 'parliament', 'part', 'participant', 'participation', 'partnership', 'party', 'passenger', 'past', 'patch', 'patent', 'pathway', 'patient', 'patrol', 'pattern', 'pavement', 'pdci', 'peacekeeper', 'peacekeeping', 'peach', 'peak', 'pear', 'pedestrian', 'pediatric', 'peninsula', 'people', 'percent', 'percentage', 'performance', 'performer', 'period', 'permission', 'person', 'personality', 'petition', 'petroleum', 'pharmacopoeia', 'pharmacy', 'phase', 'phenomenon', 'philanthropist', 'phone', 'photo', 'photograph', 'physician', 'physicist', 'picture', 'pier', 'pile', 'pilgrimage', 'pineapple', 'pioneer', 'pipe', 'pipeline', 'pirate', 'pitcher', 'place', 'placement', 'plague', 'plain', 'plan', 'plan,*working', 'planner', 'planning', 'plant', 'plantation', 'planting', 'plaque', 'platform', 'play', 'player', 'playground', 'playing', 'playoff', 'playwright', 'plot', 'pluralism', 'plywood', 'poem', 'poet', 'poetry', 'point', 'pointing', 'pole', 'police', 'policy', 'politic', 'politician', 'pollutant', 'polluter', 'polo', 'polygon', 'pond', 'pony', 'pool', 'pop', 'popularity', 'population', 'porcelain', 'port', 'portal', 'portion', 'portrayal', 'position', 'possession', 'possibility', 'post', 'postmaster', 'pot', 'pottery', 'poverty', 'pow', 'power', 'pp', 'practice', 'pre', 'precipitation', 'prefecture', 'prek-12).,as', 'prelude', 'preparation', 'preschool', 'presence', 'present', 'preserve', 'presidency', 'president', 'press', 'price', 'principal', 'principle', 'printing', 'priority', 'prison', 'prisoner', 'privilege', 'prize', 'problem', 'processing', 'produce', 'producer', 'product', 'production', 'profession', 'professional', 'professor', 'profile', 'program', 'project', 'proliferation', 'promoter', 'pronunciation', 'propaganda', 'property', 'prophesy', 'proportion', 'prosperity', 'prostitute', 'prostitution', 'protagonist', 'protest', 'provider', 'province', 'proximity', 'psychology', 'public', 'publication', 'publicity', 'publishe', 'publisher', 'purpose', 'pursuit', 'purview', 'quality', 'quarry', 'quarter', 'quarterback', 'question', 'r', 'r&b', 'race', 'racer', 'racetrack', 'raceway', 'racing', 'radio', 'rafting', 'raider', 'rail', 'railbus', 'railbuse', 'railfan', 'railroad', 'railway', 'rain', 'rainfall', 'rainforest', 'raising', 'rally', 'ramp', 'range', 'rape', 'rapid', 'rapper', 'rate', 'ratio', 'rda', 're', 'readiness', 'reality', 'reapportionment', 'rear', 'reason', 'rebellion', 'rebirth', 'receiver', 'recipient', 'recital', 'reclaiming', 'reconstruction', 'record', 'recording', 'recreation', 'red', 'redevelopment', 'reference', 'referendum', 'refinery', 'refining', 'reform', 'reformer', 'refuge', 'refugee', 'regatta', 'regency', 'reggae', 'region', 'regulating', 'regulation', 'rehabilitation', 'relationship', 'relic', 'religion', 'relocation', 'reluctance', 'remainder', 'rematch', 'remnant', 'renewal', 'renovation', 'reorganization', 'repair', 'repaving', 'repeal', 'report', 'representation', 'representative', 'reprisal', 'republic', 'reputation', 'requirement', 'rescue', 'research', 'reservation', 'reserve', 'reservoir', 'residence', 'residency', 'resident', 'resistance', 'resort', 'resource', 'responsibility', 'rest', 'restaurant', 'resting', 'restoration', 'result', 'resurgence', 'resurrection', 'retailer', 'retaliation', 'return', 'revenue', 'revitalization', 'revolution', 'revolver', 'rice', 'ride', 'ridge', 'right', 'rink', 'riot', 'rip', 'rise', 'risk', 'rival', 'rivalry', 'river', 'riverbed', 'riverfront', 'road', 'roadblock', 'roadway', 'robotic', 'rock', 'rod', 'rodeo', 'role', 'roll', 'roof', 'room', 'root', 'round', 'route', 'routine', 'routing', 'rowing', 'rubber', 'rug', 'rugby', 'ruin', 'rule', 'ruler', 'rumba', 'run', 'running', 'rush', 's', 'safety', 'sailor', 'sale', 'salon', 'sample', 'sanctuary', 'sand', 'sanitary', 'sanitation', 'satellite', 'sawmill', 'scene', 'schedule', 'scheme', 'school', 'science', 'scope', 'score', 'scow', 'screenplay', 'sea', 'seaport', 'search', 'season', 'seat', 'secessionist', 'second', 'second-', 'section', 'sector', 'security', 'segregation', 'selectman', 'self', 'seller', 'senator', 'sentence', 'sequel', 'sequence', 'series', 'service', 'session', 'setting', 'settlement', 'settler', 'sewer', 'sex', 'shack', 'shape', 'share', 'sheep', 'shelf', 'shelter', 'ship', 'shipping', 'shoe', 'shoemaker', 'shooting', 'shop', 'shopper', 'shopping', 'shore', 'shot', 'show', 'showcase', 'shuttle', 'sibling', 'side', 'sidewalk', 'sight', 'sign', 'signaling', 'signer', 'silk', 'simulcast', 'sin', 'singer', 'siren', 'sister', 'site', 'situation', 'size', 'skating', 'skill', 'skirmish', 'skyline', 'skyscraper', 'slang', 'slaveowner', 'slope', 'slum', 'smartgrid', 'snack', 'snake', 'snow', 'snowfall', 'soap', 'soccer', 'society', 'softball', 'soldier', 'solicitor', 'son', 'song', 'songwriter', 'source', 'south', 'southeast', 'southwest', 'soy', 'space', 'span', 'speaker', 'specialist', 'speciman', 'spectacle', 'spectator', 'spectrum', 'speed', 'spelling', 'spike', 'splash', 'sport', 'sporting', 'sportspeople', 'spot', 'spouse', 'spring', 'stadium', 'staff', 'stage', 'stake', 'stampede', 'stand', 'standard', 'staple', 'star', 'start', 'startup', 'state', 'statesman', 'station', 'statistic', 'statue', 'status', 'statute', 'steam', 'steamboat', 'steamer', 'stick', 'stilt', 'stock', 'stone', 'stop', 'storage', 'store', 'storey', 'storm', 'story', 'storyline', 'strawberry', 'streaking', 'stream', 'street', 'street.jpg\">overlooking', 'strength', 'stretch', 'strike', 'strip', 'stronghold', 'structure', 'stub', 'student', 'studio', 'study', 'style', 'sub', 'subdistrict', 'subject', 'submarine', 'subsidiary', 'suburb', 'success', 'suffix', 'suicide', 'sum', 'summer', 'summit', 'sunrise', 'sunshine', 'supervision', 'support', 'supporter', 'surface', 'surgeon', 'survey', 'surveyor', 'survivor', 'suspect', 'swampland', 'swim', 'swimming', 'swing', 'sympathy', 'symphony', 'synagogue', 'system', 'sœur', 'tackle', 'tailor', 'target', 'tarring', 'tavern', 'tax', 'taxi', 'taxicab', 'teacher', 'teaching', 'team', 'tear', 'technique', 'technology', 'teen', 'telephone', 'telescope', 'television', 'temperature', 'temple', 'tenement', 'tennis', 'tenor', 'tension', 'term', 'terminal', 'terminology', 'terminus', 'territory', 'text', 'textile', 'thank', 'theater', 'theatre', 'theft', 'theme', 'thermostat', 'thief', 'thing', 'third', 'thousand', 'threat', 'ticket', 'tide', 'timber', 'time', 'title', 'title=\"asnat', 'title=\"bardwell', 'title=\"battle', 'title=\"beezie', 'title=\"bundesarchiv', 'title=\"chattanooga', 'title=\"confederate', 'title=\"diamond', 'title=\"harlan', 'title=\"loudspeaker.svg\">about', 'title=\"manzhoulitracks.jpg\">train', 'title=\"market', 'title=\"paterson', 'title=\"race', 'title=\"softredirarrow.svg\">soft', 'title=\"stade', 'title=\"typeface', 'title=\"vilkaviskis.ogg', 'title=\"vilkaviškis', 'title=\"wikisource', 'title=\"wikivoyage', 'today', 'toll', 'tom', 'tomb', 'ton', 'tongue', 'tonne', 'tool', 'top', 'topography', 'tornado', 'total', 'tourism', 'tourist', 'tournament', 'tow', 'tower', 'town', 'townlet', 'township', 'toy', 'track', 'trackage', 'tract', 'trade', 'trading', 'tradition', 'traffic', 'trafficking', 'trail', 'train', 'trainer', 'training', 'transformation', 'transit', 'transition', 'translator', 'transmitter', 'transport', 'transportation', 'transshipment', 'trauma', 'travel', 'traveler', 'treasury', 'treatment', 'treaty', 'tree', 'trend', 'trestle', 'trial', 'triangle', 'tribe', 'tributary', 'tribute', 'trip', 'troop', 'tropic', 'troupe', 'truck', 'truss', 'tryout', 'tuna', 'tunnel', 'turn', 'turnout', 'turnover', 'turnpike', 'turntable', 'tv', 'tvrm),*ccky', 'type', 'typeface', 'typewriter', 'u19', 'u21s', 'unemployment', 'uniform', 'union', 'unit', 'university', 'unrest', 'unseat', 'update', 'upgrade', 'uranium', 'urbanisation', 'urbanization', 'use', 'user', 'utility', 'vacation', 'vagrant', 'valley', 'value', 'van', 'vantage', 'variant', 'variation', 'variety', 'vegetation', 'vehicle', 'vendor', 'venom', 'venture', 'venue', 'verge', 'version', 'vicinity', 'victim', 'victory', 'video', 'vie', 'view', 'vigil', 'vigor', 'vilkaviškis</w>,<w', 'villa', 'village', 'visit', 'visitation', 'visitor', 'vitality', 'vocabulary', 'vocalist', 'voice', 'voip', 'vol', 'volleyball', 'volunteer', 'vote', 'voter', 'voting', 'wage', 'wakeboard', 'walk', 'walking', 'walkway', 'wall', 'war', 'ward', 'warning', 'warp', 'wash', 'waste', 'wastewater', 'watch', 'water', 'waterfall', 'waterfront', 'waterway', 'wave', 'way', 'w